290.6881408691406,110.94969177246094,56.20808029174805,103.79303741455078,58.076820373535156,41.680152893066406,292.556884765625,48.83680725097656
292.9166259765625,115.48783111572266,292.9166259765625,50.465274810791016,565.5988159179688,50.465274810791016,565.5988159179688,115.48783111572266
53.95833206176758,169.83506774902344,53.95833206176758,139.75,145.49478149414062,139.75,145.49478149414062,169.83506774902344
485.625,169.83506774902344,485.625,139.75,565.5989379882812,139.75,565.5989379882812,169.83506774902344
628.2290649414062,169.83505249023438,628.2290649414062,139.74998474121094,685.0780639648438,139.74998474121094,685.0780639648438,169.83505249023438
268.828125,169.83506774902344,154.16665649414062,169.83506774902344,154.16665649414062,143.63194274902344,268.828125,143.63194274902344
480.8072814941406,169.83506774902344,265.9375,169.83506774902344,265.9375,143.63194274902344,480.8072814941406,143.63194274902344
574.270751953125,169.83505249023438,574.270751953125,143.63192749023438,619.5571899414062,143.63192749023438,619.5571899414062,169.83505249023438
141.640625,208.65451049804688,53.95833206176758,208.65451049804688,53.95833206176758,178.56944274902344,141.640625,178.56944274902344
146.4583282470703,208.65451049804688,146.4583282470703,178.56944274902344,237.99478149414062,178.56944274902344,237.99478149414062,208.65451049804688
546.328125,208.65451049804688,477.9166564941406,208.65451049804688,477.9166564941406,178.56944274902344,546.328125,178.56944274902344
551.145751953125,208.6544952392578,551.145751953125,178.56942749023438,604.1405639648438,178.56942749023438,604.1405639648438,208.6544952392578
608.9583129882812,208.65451049804688,608.9583129882812,178.56944274902344,685.078125,178.56944274902344,685.078125,208.65451049804688
238.9583282470703,208.6544952392578,238.9583282470703,182.4513702392578,322.78643798828125,182.4513702392578,322.78643798828125,208.6544952392578
328.166015625,217.3024444580078,326.93701171875,181.40367126464844,469.17266845703125,176.46363830566406,470.4017028808594,212.36241149902344
277.4999694824219,243.59201049804688,277.4999694824219,217.38888549804688,322.7864074707031,217.38888549804688,322.7864074707031,243.59201049804688
53.95833206176758,247.4739532470703,53.95833206176758,213.50694274902344,195.5989532470703,213.50694274902344,195.5989532470703,247.4739532470703
219.6875,243.59201049804688,219.6875,217.38888549804688,249.55728149414062,217.38888549804688,249.55728149414062,243.59201049804688
627.265625,247.4739532470703,524.1666259765625,247.4739532470703,524.1666259765625,217.38888549804688,627.265625,217.38888549804688
346.875,251.35589599609375,346.875,217.38888549804688,496.22393798828125,217.38888549804688,496.22393798828125,251.35589599609375
651.3541259765625,243.59201049804688,651.3541259765625,221.2708282470703,685.078125,221.2708282470703,685.078125,243.59201049804688
53.95833206176758,286.29339599609375,53.95833206176758,252.32638549804688,199.453125,252.32638549804688,199.453125,286.29339599609375
273.6457824707031,282.4114074707031,273.6457824707031,256.2082824707031,357.4739074707031,256.2082824707031,357.4739074707031,282.4114074707031
208.125,282.4114074707031,208.125,256.2082824707031,261.1197814941406,256.2082824707031,261.1197814941406,282.4114074707031
369.9999694824219,282.4114074707031,369.9999694824219,260.0902404785156,415.2864074707031,260.0902404785156,415.2864074707031,282.4114074707031
638.828125,286.29339599609375,427.8125,286.29339599609375,427.8125,256.20831298828125,638.828125,256.20831298828125
685.078125,282.41143798828125,651.3541259765625,282.41143798828125,651.3541259765625,256.20831298828125,685.078125,256.20831298828125
493.33331298828125,317.34893798828125,493.33331298828125,291.14581298828125,527.0572509765625,291.14581298828125,527.0572509765625,317.34893798828125
53.95833206176758,325.1128234863281,53.95833206176758,291.14581298828125,157.05728149414062,291.14581298828125,157.05728149414062,325.1128234863281
295.8072814941406,321.23089599609375,165.72915649414062,321.23089599609375,165.72915649414062,291.14581298828125,295.8072814941406,291.14581298828125
370.2460632324219,329.5740966796875,368.3456726074219,295.120361328125,484.30865478515625,288.63153076171875,486.2090148925781,323.08526611328125
584.8697509765625,321.23089599609375,535.7291259765625,321.23089599609375,535.7291259765625,291.14581298828125,584.8697509765625,291.14581298828125
357.47393798828125,328.9947814941406,296.77081298828125,328.9947814941406,296.77081298828125,295.02777099609375,357.47393798828125,295.02777099609375
646.5364379882812,321.23089599609375,593.5416259765625,321.23089599609375,593.5416259765625,295.02777099609375,646.5364379882812,295.02777099609375
685.078125,317.34893798828125,647.5,317.34893798828125,647.5,298.9096984863281,685.078125,298.9096984863281
357.47393798828125,363.9322814941406,323.75,363.9322814941406,323.75,329.96527099609375,357.47393798828125,329.96527099609375
362.2916564941406,360.0503234863281,362.2916564941406,326.08331298828125,461.53643798828125,326.08331298828125,461.53643798828125,360.0503234863281
634.9739379882812,363.9322814941406,558.8541259765625,363.9322814941406,558.8541259765625,329.96527099609375,634.9739379882812,329.96527099609375
685.078125,360.0503234863281,632.0833129882812,360.0503234863281,632.0833129882812,329.96527099609375,685.078125,329.96527099609375
133.93228149414062,356.16839599609375,53.95833206176758,356.16839599609375,53.95833206176758,333.8471984863281,133.93228149414062,333.8471984863281
211.015625,360.0503234863281,131.04165649414062,360.0503234863281,131.04165649414062,333.8471984863281,211.015625,333.8471984863281
219.6875,367.8142395019531,219.6875,329.96527099609375,322.78643798828125,329.96527099609375,322.78643798828125,367.8142395019531
550.1822509765625,360.0503234863281,466.3541564941406,360.0503234863281,466.3541564941406,333.8471984863281,550.1822509765625,333.8471984863281
214.86978149414062,394.9878234863281,192.7083282470703,394.9878234863281,192.7083282470703,368.7846984863281,214.86978149414062,368.7846984863281
262.0832824707031,394.98779296875,262.0832824707031,361.0207824707031,342.0572509765625,361.0207824707031,342.0572509765625,394.98779296875
343.02081298828125,398.8697814941406,343.02081298828125,361.02081298828125,500.078125,361.02081298828125,500.078125,398.8697814941406
596.2136840820312,399.3925476074219,507.2602844238281,394.9128112792969,508.8533020019531,362.8214416503906,597.8067016601562,367.3011779785156
601.25,394.9878234863281,601.25,364.90277099609375,661.953125,364.90277099609375,661.953125,394.9878234863281
53.95833206176758,394.9878234863281,53.95833206176758,364.90277099609375,184.0364532470703,364.90277099609375,184.0364532470703,394.9878234863281
223.54165649414062,394.9878234863281,223.54165649414062,364.90277099609375,264.97393798828125,364.90277099609375,264.97393798828125,394.9878234863281
122.36978912353516,433.8072814941406,53.95833206176758,433.8072814941406,53.95833206176758,403.7221984863281,122.36978912353516,403.7221984863281
131.04165649414062,433.8072814941406,131.04165649414062,403.7221984863281,164.765625,403.7221984863281,164.765625,433.8072814941406
169.5832977294922,433.8072814941406,169.5832977294922,403.7221984863281,257.2655944824219,403.7221984863281,257.2655944824219,433.8072814941406
299.66143798828125,429.9253234863281,269.7916564941406,429.9253234863281,269.7916564941406,403.7221984863281,299.66143798828125,403.7221984863281
465.39056396484375,441.5711669921875,312.18743896484375,441.5711669921875,312.18743896484375,403.7221984863281,465.39056396484375,403.7221984863281
503.9322814941406,433.8072814941406,474.0625,433.8072814941406,474.0625,407.6041564941406,503.9322814941406,407.6041564941406
516.4583129882812,433.8072814941406,516.4583129882812,403.7221984863281,611.8489379882812,403.7221984863281,611.8489379882812,433.8072814941406
685.078125,433.8072814941406,628.2291259765625,433.8072814941406,628.2291259765625,403.7221984863281,685.078125,403.7221984863281
53.95833206176758,476.5086669921875,53.95833206176758,438.6596984863281,153.203125,438.6596984863281,153.203125,476.5086669921875
295.5072937011719,479.2740173339844,183.5735626220703,474.14947509765625,185.2205047607422,437.6551818847656,297.15423583984375,442.7797546386719
323.75,472.626708984375,323.75,438.6596984863281,430.703125,438.6596984863281,430.703125,472.626708984375
685.078125,468.7447814941406,535.7291259765625,468.7447814941406,535.7291259765625,442.5416564941406,685.078125,442.5416564941406
500.078125,468.7447814941406,466.3541564941406,468.7447814941406,466.3541564941406,446.423583984375,500.078125,446.423583984375
195.5989532470703,507.564208984375,161.875,507.564208984375,161.875,485.2430419921875,195.5989532470703,485.2430419921875
241.8489532470703,507.564208984375,204.2708282470703,507.564208984375,204.2708282470703,485.2430419921875,241.8489532470703,485.2430419921875
384.453125,507.564208984375,250.5208282470703,507.564208984375,250.5208282470703,481.361083984375,384.453125,481.361083984375
389.27081298828125,515.328125,389.27081298828125,481.361083984375,515.4947509765625,481.361083984375,515.4947509765625,515.328125
157.05728149414062,515.328125,53.95833206176758,515.328125,53.95833206176758,481.361083984375,157.05728149414062,481.361083984375
