1695 51 2345 309
1701 288 1916 343
1908 288 2066 343
2080 288 2330 343
1689 357 1847 412
1862 357 2158 412
2172 357 2261 412
2264 357 2353 400
1000 588 1422 643
2000 750 2227 793
195 842 353 874
689 842 951 874
195 877 296 908
298 877 376 908
689 876 882 954
689 969 882 1001
1230 1038 1342 1081
195 1096 330 1139
333 1096 491 1139
1413 1107 1571 1139
1574 1107 2031 1139
195 1142 353 1208
344 1153 560 1174
563 1153 928 1185
183 1188 353 1220
344 1188 502 1220
505 1200 594 1231
1230 1246 1319 1266
1023 1373 1169 1404
448 1361 652 1404
2115 1373 2238 1404
356 1419 721 1485
724 1419 951 1485
1735 1419 1859 1462
2115 1419 2238 1462
482 1453 744 1485
1724 1557 1870 1578
2115 1546 2238 1589
195 1580 273 1601
195 1580 410 1647
2092 1603 2238 1635
333 1603 560 1647
563 1615 813 1647
1655 1650 1870 1681
2069 1650 2238 1681
1563 1719 2031 1751
195 1730 721 1762
724 1730 1089 1774
195 1823 353 1854
356 1823 629 1854
252 1904 606 1958
1642 1945 1963 2000
195 1904 583 2039
356 2007 548 2039
172 3323 364 3366
367 3323 479 3366
482 3334 571 3366
586 3334 824 3378
1000 3334 1215 3412
1609 3334 1755 3366
1758 3334 1836 3366
1988 3323 2146 3366
1230 3334 1353 3366
1839 3334 1985 3366
367 3381 479 3412
482 3381 629 3412
586 3346 709 3458
724 3334 1020 3412
873 3381 974 3412
1069 3381 1169 3412
1367 3334 1549 3458
1184 3381 1365 3412
678 3404 928 3458
1034 3415 1388 3458
1517 3415 1836 3458
